6849322   0.012417   0.001139   0.119055   0.062689
6849322   0.021893  -1.000000   0.124809   0.064305
6849322   0.012689   0.001104   0.118326   0.062493
6849322   0.012861   0.001123   0.118829   0.062654
6849322   0.014188   0.001104   0.120072   0.062800
6849322   0.057293  -1.000000   0.102415   0.063223
6849322   0.009734   0.000063   0.104027   0.061539
6849322   0.006111   0.000056   0.103790   0.061048
6849322   0.008710   0.000057   0.104731   0.061379
6849322   0.007318   0.000061   0.103158   0.061353
6849322   0.013638   0.000652   0.119008   0.062700
6849322   0.013371   0.000657   0.118276   0.062841
6849322   0.013533   0.000670   0.119360   0.063267
6849322   0.009871  -1.000000   0.106188   0.063185
